87962 91318
110893 111034
101722 102285
101722 102479
105282 105283
33531 35274
15572 15681
32211 32303
117684 127551
29798 31308
121016 127825
112599 117684
10312 10460
33131 35812
1774 5452
19020 20044
106405 108909
36775 37050
81825 86796
65643 70547
17959 18011
24415 24486
33721 34398
7982 11906
110878 111001
63349 63691
2449 5471
87338 88394
35647 35648
109350 109411
107090 122738
4343 4345
122738 122930
109026 124798
108843 108845
36261 39690
45885 45887
122778 127563
49576 67350
111347 122658
29731 31544
117549 117667
5900 5910
21259 25372
74642 80429
30323 30756
36260 38126
115053 115058
112597 112997
951 2248
38447 42679
18835 19018
32604 35307
16805 19680
21955 22050
93153 95450
39098 42671
57202 59826
86876 99344
117684 125731
40039 45577
121897 121898
